Polygon_A:  1.78269 1.41994 2.39558 1.21721 2.50196 1.92164 2.09783 2.19345
Polygon_B:  -0.500439 0.936184 2.7479 6.90028 3.39415 2.08816 6.39042 -1.08549
